0 3 1 1 1 0 1 2 
0 5 0 0 1 1 0 2 0 3 4 1 
0 7 1 1 1 0 1 1 1 4 6 1 2 3 
2 3 0 0 0 0 1 2 
2 3 1 0 0 0 1 2 
2 7 1 1 1 1 1 0 1 3 5 0 2 4 
2 7 0 1 0 1 0 0 1 2 4 6 0 5 
2 11 0 1 1 1 1 0 1 0 0 0 1 4 7 0 5 6 
2 11 0 1 0 1 0 1 0 1 0 1 0 1 6 0 8 3 
1 7 1 2 1 3 2 4 2 0 3 6 1 5 
1 7 0 0 2 1 2 2 4 1 5 4 2 0 
1 11 0 2 1 2 0 1 1 1 3 2 1 6 2 5 9 1 
1 11 2 1 0 0 1 0 1 2 1 2 1 8 7 1 5 3 
1 13 2 2 3 2 1 4 0 0 0 1 0 0 1 6 9 3 1 5 
1 13 0 2 0 2 0 1 1 0 2 0 1 1 1 2 10 6 11 5 
1 17 1 1 1 3 2 4 0 0 1 0 0 2 2 0 0 0 1 6 12 0 15 1 
