0 3 1 1 0 0 1 2 
0 5 0 0 0 0 1 1 3 0 4 2 
0 7 0 1 1 1 0 0 0 4 0 1 5 6 
2 3 1 1 1 0 1 2 
2 3 0 0 0 0 1 2 
2 7 1 0 0 0 1 0 1 6 0 1 2 5 
2 7 1 0 0 1 0 1 1 3 4 0 1 6 
2 11 1 1 1 1 1 1 1 0 1 0 1 5 0 3 1 9 
2 11 1 0 0 0 1 0 0 0 0 1 1 2 10 7 1 9 
1 7 2 2 2 1 0 0 0 1 6 5 4 2 
1 7 2 2 2 3 1 1 0 3 5 4 6 1 
1 11 1 1 3 4 0 2 0 2 2 0 1 1 0 4 10 9 
1 11 1 2 4 2 0 1 0 2 1 1 1 0 4 5 3 10 
1 13 3 2 2 2 0 0 1 0 1 1 0 1 1 7 1 9 3 12 
1 13 1 1 1 1 2 1 2 1 1 3 1 2 4 2 3 5 8 6 
1 17 1 1 2 2 1 0 0 0 4 1 2 1 0 0 0 0 0 8 15 14 5 9 
